0 0.5277777041842004 0.5500566256778662 0.3911805938242157 0.28659304761542687
0 0.4169791026402544 0.478303824644594 0.2549677861123346 0.21081582191411935
6 0.5921378484639032 0.36289296896381207 0.053328385842182156 0.09560339149054782
0 0.5450272354872118 0.3469907130118837 0.04426092068857255 0.05962043969514967
6 0.7274577895708957 0.358991785024199 0.08125248920022692 0.06764656313352066
1 0.3883531056354793 0.5148634933607006 0.03527530108845909 0.025981237899751618
1 0.45766610082615583 0.5215180143397437 0.03069692849312098 0.029078966822512698
2 0.39774297460262054 0.6039987162333376 0.039508933302444225 0.03537896379745078
1 0.3443054944728864 0.4560015777678519 0.024037700725639422 0.017323855386194253
1 0.604883385124392 0.355934441836449 0.007358632213985139 0.009415906615858293
4 0.5869419169755574 0.35504865270703345 0.015198414065150701 0.010242608411256349
1 0.7536209854872118 0.34820427594901265 0.008085318511654194 0.007857951795398143
4 0.7419295173383771 0.34735484825591556 0.014389882213985138 0.009456813231716588