0 0.6417325781214679 0.5334265007558596 0.17785954169936496 0.26135676535645336
0 0.4805821294542513 0.512013482733906 0.173339526259959 0.24021756202258987
0 0.3085396448936575 0.4889106953771344 0.1997057979675712 0.2069419853596351
0 0.18856812569332765 0.47579198269413514 0.0937142107414104 0.1877459953453176
1 0.19320781307777302 0.39691300469445323 0.02313362311953817 0.016669879336408934
1 0.2733583143314143 0.4087868433720437 0.028025711599340218 0.023755673337045202
1 0.4543809937983008 0.41870837806331523 0.03887228338609496 0.020757942671863462
1 0.6260286732651874 0.42852082475331416 0.03905413981258547 0.02700794267186346
4 0.6526928101747792 0.5327725200906777 0.036733121865896834 0.027761920671545325
4 0.47681227177411944 0.5072805294000424 0.028920621865896834 0.027671014003817974
4 0.29454534105359154 0.4864033133752253 0.022443301332783515 0.01978578866963616
4 0.20129544622644105 0.46812493336249866 0.016838159012915455 0.015034654002227121