0 0.6356073057805872 0.5334265007558596 0.1808812213682689 0.26135676535645336
0 0.47468439323301714 0.512013482733906 0.1761154669196447 0.24021756202258987
0 0.30288764768164145 0.4889106953771344 0.2020903765014653 0.2069419853596351
0 0.1830526501530994 0.47579198269413514 0.09588945604522978 0.1877459953453176
1 0.18861158346091617 0.39691300469445323 0.023324753460041057 0.016669879336408934
1 0.2686346644875554 0.4087868433720437 0.02829875494291585 0.023755673337045202
1 0.44956632950658343 0.41870837806331523 0.03910892095052709 0.020757942671863462
1 0.6211229945256115 0.42852082475331416 0.0393635889353046 0.02700794267186346
4 0.6465766392786845 0.5327725200906777 0.037051672433401704 0.027761920671545325
4 0.47096914422160036 0.5072805294000424 0.029239172433401704 0.027671014003817974
4 0.28892064817593305 0.4864033133752253 0.022670837452429905 0.01978578866963616
4 0.19587098513407133 0.46812493336249866 0.017011086463846768 0.015034654002227121