0 0.39296875 0.5160665211362103 0.43828125 0.1949926185038052
0 0.64921875 0.46563996831847054 0.1453125 0.11601192431676957
0 0.2953125 0.3759375397405318 0.19609375 0.04747274464252236
0 0.88125 0.5729614281146027 0.2375 0.1926686827542902
0 0.1734375 0.350587820958725 0.11328125 0.02348711841898705
1 0.27890625 0.4933333708660578 0.05 0.014246038474587408
1 0.61875 0.4442634761230189 0.03125 0.01124752404661713
1 0.8796875 0.5369693644122717 0.0453125 0.01876984736759475
2 0.33046875 0.549821473042976 0.05 0.025964788474587407
5 0.6484375 0.4804564364673052 0.0390625 0.014645342558271324
4 0.9296875 0.5926216528868592 0.015625 0.016170637023308388