0 0.4163657861845332 0.5046299753085239 0.44665032981717356 0.18223734572183278
0 0.6698503511145105 0.44674579419758115 0.15047949710451575 0.11178290339440444
0 0.31234175806277065 0.36734307786604775 0.19798588978475226 0.04176584006449202
0 0.8917295434232434 0.5473144625209044 0.21654091315351315 0.18575673458010195
0 0.18948430086684157 0.3455402798578376 0.11419093258882321 0.020190301033272285
1 0.3014299908992629 0.48521637909571175 0.05058219685684691 0.01279089149054773
1 0.6384355312221344 0.4262560321955286 0.03172303494618802 0.010338057181592397
1 0.9032664727022979 0.5113678721618248 0.046113020678164675 0.017451120413308985
2 0.35553960214796787 0.5402038609453392 0.05112800641014079 0.024509641490547907
5 0.6697604598820162 0.4615849990180413 0.03968108416039975 0.013508508976990541
4 0.95577719664745 0.5655650136523726 0.016352746071058633 0.015715903590796287