0 0.5532384667409056 0.5309625626820617 0.384559002705271 0.2954682420159342
0 0.43912996606458793 0.463164960412206 0.2500925486950896 0.21658106089969492
6 0.6088692067154523 0.3417803907370224 0.051109061346272175 0.09676735141192579
0 0.5610311433799978 0.32754204598901415 0.04287839067472685 0.06060253087881247
6 0.743970912714816 0.33316024551416046 0.07968804734245402 0.06948343738444543
1 0.41221347740290587 0.5006793322781029 0.03467499200349984 0.02678146034569906
1 0.48181745273708765 0.5049061795333936 0.030023854670590745 0.02977006802583091
2 0.42574981341499624 0.5893781194251215 0.03869033000477255 0.03627012061225567
1 0.3654379273949517 0.44342677342347203 0.023637494668999892 0.01786946159934022
1 0.6212873907144978 0.33438542788404096 0.007140338001272717 0.009579588479802049
4 0.603309550047725 0.33412701511020176 0.014961928668045488 0.010588159012915455
1 0.7696248933799978 0.32147258775488624 0.007903406667727176 0.008039820533113407
4 0.757897052713225 0.3210323185545564 0.01417158800127254 0.009784176959604096